-412168
-378659
333632
372315
-326396
-406808
288462
402132
-283861
-450023
218635
434537
-205638
-457415
148732
438947
-137333
-464905
90699
429022
-78225
-453079
15304
421228
-7454
-442960
-53769
410180
52958
-424680
-121250
364423
112873
-394479
-176853
327046
159717
-334752
-220318
294196
210135
-289912
-245639
247808
246830
-228882
-277185
200698
269738
-176101
-284158
157361
284468
-135370
-302923
118219
303090
-76687
-280993
78065
304605
-16574
-271169
17651
299102
16426
-267928
-17909
270644
56778
-249826
-54342
256726
107122
-224680
-86168
237521
131338
-195809
-104523
214933
158955
-166739
-131191
185047
153013
-147841
-166575
125860
175500
-100758
-155020
95957
165773
-85327
-159142
80568
156243
-59005
-170760
33880
156688
-26239
-156916
4152
147381
-14104
-156913
-15713
127605
2909
-133923
-33465
108068
17829
-132210
-57393
96000
27157
-134407
-80317
82323
39835
-97936
-76769
66768
47832
-78956
-71144
48998
64649
-59783
-78920
36088
69023
-36296
-67903
38315
81118
-22796
-57845
14878
63361
-15931
-72072
11007
52620
233
-54755
6752
64784
12689
-48132
-6880
65976
23413
-47327
-7721
47369
20933
-29010
-31005
42459
37369
-17448
-2234
38309
14238
-19346
-9152
28784
35602
2606
-12376
17293
24543
-22519
-16204
15910
17004
-9395
-24545
3930
25514
-3377
-20526
-1219
20859
-9398
-28700
13624
7389
-11344
-24351
-9640
338
-6407
-14639
-15510
7813
-10106
-26410
-23572
-2369
-15767
-28749
-20914
10654
-3120
-31247
-22539
-3339
-21557
-36489
-34770
-15299
-10406
-23154
-32939
-17209
-1092
-12097
-16244
-15468
-8725
-2511
-23550
-12731
-3733
-6133
-21758
-14419
-6237
-13240
-22657
-21697
2187
8805
3459
4581
9251
6226
1422
738
22057
8198
6388
8624
22989
13768
9386
2346
4533
-2593
11056
-2468
2650
5547
5673
8451
14397
17570
7328
2101
19579
26143
22962
10797
-313
-8473
-7605
2527
-4922
-4947
-1672
2479
6118
-6226
-8523
-730
-750
-2428
-15357
-6746
-5625
-15529
-26543
-23117
-1837
-14680
-22384
-10608
-5246
-27300
-9211
-21336
-35712
-21676
-29705
-37678
-22531
-24568
-28515
-15934
-11870
-15463
-22047
-24478
-27124
-16353
-11746
-14166
-14030
-11503
-15292
-16070
-8692
-10777
-21296
-12437
-11586
-13740
-23924
-6710
2045
-11151
-12052
2683
7793
-5115
-4900
-1396
-2903
-5574
-4811
5420
-649
-3970
-5494
1575
6053
5750
-873
9818
4915
13743
14531
7938
6302
6111
6633
17160
24337
14808
670
-232
-11595
6447
11635
8423
13057
3169
2405
-10050
-16176
-10087
6074
13616
1948
39
-8559
-5911
-10736
-15567
-18644
-13747
-16800
-23788
-13870
-10380
-18267
-16088
-13914
-17000
-29553
-28157
-22515
-30319
-32787
-22650
-17178
-28442
-25940
-29369
-35795
-22623
-28416
-35795
-28207
-31992
-31463
-21563
-29551
-23779
-21073
-20519
-22259
-12625
-9320
-6576
-14071
-19585
-15468
-10063
-13478
-10909
5012
1088
-2630
-2559
-4564
-2629
-3010
-2498
-2514
-6499
-2277
-2880
3886
10282
-2587
1663
1599
7895
5493
5237
13206
71
-5830
14820
-903
16962
15612
-1222
3140
7298
8940
7390
7792
-11819
-11307
8115
8670
2951
4432
842
-9590
4108
4855
11196
9101
-6754
-14390
-17446
-4843
2099
-5648
-22193
-23108
-8659
-6948
-11052
-1812
-9928
-23499
-25488
-8661
1087
-10951
-11632
-22901
-28441
-23882
-28061
-17951
-15061
-16535
-22130
-22766
-31397
-34978
-31381
-26633
-17203
-12088
-14534
-19914
-11957
-21642
-32556
-29379
-31049
-20401
-16228
-13805
-3265
-6600
-22720
-9040
-819
761
-7220
-10804
-14741
-19242
-9739
-7048
-5710
-7950
-13801
-2257
1744
3794
-10486
-6557
5341
6632
5426
12890
15595
15929
3377
-5602
-7587
-2717
3565
4380
6526
-4965
-4188
3221
-2558
6367
11834
-6513
-7226
10046
10526
17596
13762
-846
-12617
633
5514
579
-6766
-13973
-15113
-6359
-6339
-5554
-14487
-6076
306
-1101
-22927
-23291
-13165
-25591
-19505
-12220
-9408
-21719
-25030
-26520
-8626
-13677
-26574
-28740
-14156
-17102
-13421
-19259
-5230
-15809
-15858
-24780
-22766
-24892
-16575
-22301
-22511
-18889
-22708
-22751
-24948
-21688
-511
-8268
-22631
-19907
-17417
-17074
-3282
-5689
-3573
-1598
-3666
1335
-4759
-414
16677
1133
-7636
-2034
-11018
12087
5710
5172
2044
16440
5333
-5499
2814
8778
4409
3488
9590
1854
-270
1839
15584
2201
6731
7688
7145
-3575
-6705
-3978
3404
15413
4726
10607
10018
1117
-16230
-6661
-11130
-13396
-5142
5824
7710
-4319
3269
2236
7866
5233
-4328
-17127
-8904
154
-13524
-18302
-15478
-13859
-16887
-16740
-22581
-18826
-17994
-12340
-21556
-25032
-22102
-4004
-15266
-1381
-15433
-13627
-13871
-24855
-26735
-22173
-23279
-22589
-12579
-6152
-15920
-18300
-17581
-17299
-16380
-11484
-14196
-747
-6350
-3348
-4853
-13772
-1013
-1686
-10156
-5896
4771
1905
11117
13170
-1785
6084
15373
10690
4964
10027
9738
6328
11333
22538
13528
4104
8551
28408
29197
12003
4843
13918
16294
11902
10825
18611
24888
16743
19089
19322
19264
15946
8453
8478
17106
12637
12843
11591
5750
19518
21053
9831
12153
17354
9205
9286
5341
-3168
-90
5542
6771
-4887
-490
1445
-13440
-11435
-1563
7728
-5056
-8070
8588
-9809
-23159
-29902
-19120
-17644
-19322
-15250
-6173
-9917
-11286
-14829
-10262
-5976
-3434
-2294
-6953
-910
-1463
-7814
-21427
-14186
-205
80
6054
-847
-8685
1253
9333
8071
2087
-2574
-713
-3430
-6171
4066
4239
8973
15437
8902
9665
9114
8772
7240
9211
8296
8774
9372
14143
7102
16951
20502
23313
17620
10745
4977
11843
11856
21580
18149
17850
17488
21725
16093
8431
13784
10645
11514
16425
14534
13851
10393
-837
15553
7360
4613
-2096
6059
15557
16442
15958
16620
1683
4818
1035
-7741
-3065
-2045
-4442
993
3787
1801
-2319
-13377
-4264
1735
-2765
-5295
-1841
-9040
4287
-6859
-15853
-2255
10630
-8827
-10604
-10503
3749
554
-440
11636
12957
8557
-10723
-7211
2622
-7297
-900
6029
3471
-3077
6086
1343
17549
4672
-6689
3762
-2059
9357
12310
12943
20880
13110
16755
19125
13957
7963
13688
22473
12638
21442
15999
10791
10856
12816
6253
16307
9510
13197
23457
22501
28418
39839
22875
18860
5117
5405
15462
33665
24495
14901
12914
18423
9385
17651
19937
9266
7262
9765
-101
1219
-2786
2689
7841
5829
5083
-10594
-3734
3870
-9088
-3270
3166
-2640
2883
-693
-2779
-6179
-8734
-12048
-15571
980
-2161
-973
-85
-2418
-5492
4634
7157
-2493
-8297
-10583
-8437
-11745
-8113
-1606
3045
12708
-867
-10609
-3127
-7189
2363
-3629
-13133
-6899
-3949
-3948
809
1660
15516
2559
5838
2789
-4149
8380
4621
-8444
568
11530
15879
9252
10150
23335
18425
6920
5860
-4069
2890
16187
18829
11418
16402
4649
2956
16364
18237
14205
13184
5816
12019
15781
17741
13093
12913
5084
7363
5663
2088
15036
8478
-4309
3068
18481
11177
1240
-5083
783
-7442
-4978
-10059
100
8109
-2207
-6523
-10197
-2109
1113
1106
-8253
-2027
2472
-5139
-10916
223
10761
362
-2700
6710
3257
-250
2738
-12297
-8624
-8509
-129
-5403
-1460
-6511
2061
3956
1925
-4752
-10377
5127
3672
-1100
-8310
-3105
3284
-3597
-2983
-6689
9973
11036
8500
7561
-6015
859
10986
7645
2890
10319
11705
11400
23257
13837
13941
13216
-1887
-104
11345
19388
11202
10732
5912
11742
542
3514
8131
8651
21871
25051
30971
27676
24211
23016
17488
16971
23726
30543
24209
16479
9595
6298
17491
20643
30954
17573
14011
10892
2788
12565
25771
24162
14230
-488
-7971
-14093
5171
12675
5780
-8559
-3973
6244
-1384
-7335
-3789
93
2395
-4595
-7649
15
1064
-11010
-10695
3468
-2949
-11253
-6388
-7825
-10702
-2928
1473
-3556
2351
6450
1963
3780
15360
14979
320
4213
-5378
-6708
-135
6509
4279
-7118
-8121
-3013
584
-3408
-1075
10216
8209
17132
14022
12520
17203
11068
12420
24590
18103
17094
16151
26561
10417
13207
11139
10038
10256
20933
27176
28446
7128
15536
16562
6512
8714
19187
9511
12092
19740
16622
11535
8091
3001
-10376
11149
11956
8124
7329
-1591
-2601
2420
-2891
19869
6001
13390
5852
2601
2047
-3916
-7153
-234
4311
11984
1331
-5883
-8061
-13097
-22541
-11888
-5855
-22303
-10621
1379
1062
-3990
-20445
-11956
-5424
-19450
-3615
-2518
-7335
-11035
558
-19960
-15802
-11848
-16561
-16993
276
74
-5600
4202
4090
2643
2653
-8810
-13062
-2870
-4310
-3040
-719
9881
14044
5098
5002
2715
-3061
8858
11904
15795
10260
10756
4875
15558
5863
6389
11739
6086
13674
4421
4638
12186
6093
316
7873
21593
10064
20105
21040
4624
12982
8053
12019
20689
11293
13974
4149
3865
20576
14351
8376
5060
13529
16920
25829
19850
10144
11731
15201
10447
6844
11973
325
-689
2032
3216
-5120
6563
-7792
-16419
-25530
-7725
-7945
-5711
-9419
-13122
-14518
-19567
-11624
-10188
-10185
1275
-8760
-16945
-4981
-940
3166
2064
-7862
-22165
-10421
407
-15115
-14559
-6219
-6748
-1447
-6643
-17384
-18320
-4134
-11339
-16642
-7209
3770
-3189
889
6570
1351
-6211
4393
8693
-9489
-853
-1320
12934
7245
10191
9835
10995
20174
12870
5582
11869
11746
11983
15792
8973
9178
4056
6225
2553
13430
23959
14502
5096
9420
12410
16545
13751
13212
26099
31285
6584
11073
14112
1167
1509
19301
24901
20112
11714
5750
-2437
-832
1143
9033
-622
-3340
-12969
-8304
-18696
-3457
1962
1819
-8430
-2985
-3046
-13291
-19760
-12037
-9539
-14236
-10608
3341
-816
-22582
-10328
-4037
-10489
3461
-2341
-8748
-12813
-22932
-19468
-15782
-3256
-11880
-12522
-9866
1607
-1739
275
-6839
-11911
-11358
952
1565
-7681
2677
7069
-3565
-3048
-1392
-443
15842
21937
8595
4424
9175
13524
17842
28732
22233
18227
13538
22998
14397
19076
17698
12512
15519
14017
9081
23461
18401
11380
13754
15355
13814
13838
18860
21175
17279
7726
11716
20839
14264
13493
24188
15115
18816
11585
-552
9951
16836
8320
15086
5871
2535
-12765
-1151
-5054
-1991
-7257
-11568
-7021
8611
2912
726
7403
2677
-10369
-16962
-5604
-9710
-13184
7874
6484
-1801
-6081
-3556
-2415
-882
-9163
-7053
2198
-15442
4170
1964
-5568
3214
1073
-2833
2891
2340
8609
6514
6815
-2856
-3908
-1487
13532
14595
-184
-8054
7777
7055
3636
10292
10452
7439
13377
27614
10899
9168
9282
18266
16110
17852
18189
25690
33616
21848
16098
21735
12523
13640
17903
7694
10200
9728
15153
13213
2952
7460
14048
20206
9415
7721
12461
8356
13526
11798
-587
-175
11440
7627
14869
6881
-1216
-6979
2086
14233
1005
-4542
-1414
-7335
-18351
-9002
-2267
-9089
-9439
-2397
-11073
-10961
-4587
-2740
-17107
-12937
-7324
-9669
-19278
-13205
-11022
-16419
-4908
-6570
-16752
-20833
-18290
-8677
-9016
3625
-6629
2765
-4200
-18785
3483
-2769
-10248
-6215
-10467
-14792
-5291
836
2520
-3651
7597
13265
-4773
4726
2609
6423
3544
14407
16415
19787
28771
24022
12262
11451
24839
16688
5917
17535
11374
3449
23012
30653
24698
12847
18573
19025
19693
11663
13838
16512
17424
13981
22880
12312
3420
11704
8389
1345
6493
10656
13964
14884
6510
9468
15505
13071
10523
17300
23932
3352
-1361
3297
9553
14383
9438
8924
7753
7160
-2965
-4523
-4724
-6531
-10507
-16250
-11244
-15543
-11513
-11459
-8144
-2473
-4563
-11789
-11928
-17789
-12020
-14021
-7348
-2448
-10355
-19598
-12465
-12302
-3609
-6723
6667
-203
3505
-1041
1521
-6314
-11770
-1160
-13323
-6719
8680
-7991
-3408
12996
6187
-2214
3139
2527
2985
12145
9626
8622
6065
-3368
-506
2989
712
-2370
7823
1720
-7797
-9025
10584
12374
19724
25970
15258
18012
9007
4234
2430
-432
9925
22304
11349
2183
7067
-2147
1499
12738
10981
5704
4090
-11607
-3252
-484
-3463
2526
4455
-1107
-131
-5968
-17347
-8823
-9840
-11479
-4481
-650
762
-7946
-12461
-4571
5061
6016
330
-5554
-15392
-2377
-4616
495
-4446
-15935
-18753
-11061
-1385
-1926
-1652
-674
-2842
-3360
-20376
-6608
-12024
-17738
-7204
-7431
-14318
-2048
7594
-4658
-5423
2594
8063
6159
-3235
-3764
-8987
-6744
-3803
7445
-1902
-6995
4678
22962
13445
3566
6204
-2172
3248
12852
11836
11170
12766
2194
2342
12495
-462
7672
21019
7736
11160
-622
1498
6310
9186
5787
7438
24667
15392
6145
9193
13462
12077
8302
16430
11572
11529
6605
3019
6152
12151
17987
1466
7740
4441
-7711
-5299
1326
-2947
5428
10926
7600
-9577
-1939
-8051
-9852
-6916
-2394
-157
-3135
-9275
-7381
-8352
-17208
-7028
-3418
-4899
-8888
697
-5066
-7597
-10448
-7090
-3285
-12468
-19114
-1685
-6087
-9291
1006
-11018
-8986
-12244
-17284
-6382
-13668
8792
1157
-5816
-11642
-5980
-3999
-8115
-5761
2986
12950
-539
-16974
-14085
18356
13791
2830
-9649
823
-330
-1972
21395
15119
10696
12076
17916
15814
5061
9842
11776
13401
9089
492
10020
16724
-547
-94
4533
-1017
-5777
2664
-1244
5175
1116
323
17218
16750
8659
6559
5304
11606
7569
8360
491
15021
14115
-2229
415
2133
-5745
-371
2972
5597
-4634
-18962
-6091
6566
7622
3930
9043
-3746
-8291
-6922
6012
2959
-9591
-18969
-10017
-5811
-2300
1219
0
-6485
-8547
-259
6309
1773
-5112
-862
2121
5120
481
109
-3278
-9525
3396
9564
2108
7768
864
3454
1931
10139
13365
7102
5907
9842
11875
12244
13124
13547
17369
13770
15362
6382
15727
22924
20194
8100
8665
14303
10743
13529
8324
17642
19538
6510
10810
16202
17192
15090
-1269
7232
5734
3748
10983
6317
4985
7783
10595
8850
11895
15700
9245
5372
2227
-8559
4577
9271
-1782
-5685
-2089
-2609
-11923
-6530
-8178
159
-939
-10346
-15357
-13616
-4727
-9166
-7333
-16884
-21063
-5508
-9344
-3663
-9952
-2140
-8200
-4747
329
-4035
-19442
-11350
-9579
-1461
-6407
-14711
-11351
-13521
-2930
-445
-1649
-9016
-10693
-16766
-8522
-9926
-8677
-2752
1092
12472
7017
12149
12581
3587
3383
7601
1457
14251
29170
6371
3664
16602
22384
8357
13041
19720
8062
12997
15165
22556
8726
14658
16660
10711
25521
10611
11948
18800
23528
11187
16652
3040
-3495
268
14996
229
8047
19592
7686
14751
14864
-2897
1526
3057
5195
6715
10527
-5524
-6958
3520
-12486
1401
5035
6717
10973
372
11461
7527
-1960
2174
-4191
2512
-8836
-6285
-307
-3488
5484
-6127
-10835
-2479
-1903
-13282
6363
7142
444
-14511
-13268
-14379
-22115
-11172
-3239
-11991
-7608
-7675
-24098
-10996
-3496
-3807
-10435
-13623
-7538
2055
386
-11463
3518
1712
-3083
-2127
-2380
-4969
-5249
-3856
-3927
6817
17756
11915
-3019
5713
8324
15273
-695
5043
16893
9296
14441
15326
8685
16869
9248
7240
12358
9466
-3823
4567
10345
-13747
-13790
-1280
7901
6874
12700
9393
2891
2845
2707
14841
11936
14050
8833
4216
-7167
-7009
10449
12713
15996
9983
4680
-7149
-10631
6170
10041
-1886
-540
-18966
-9099
-11521
-20035
-2024
-8947
-6227
-16947
-15953
-22874
-26140
-20724
-18026
-8740
-1986
-15108
-8760
-23630
-10750
-10319
-7624
-12788
-12522
-7594
-11150
-13800
-10984
4362
6384
-4881
-14458
381
9416
8992
-2145
-2024
-1682
-4212
2653
2760
7258
5152
17405
13970
20769
12073
5288
-3495
-1335
10933
12638
19981
15679
7428
13264
3058
7391
4458
-3005
2698
21368
21403
18448
13748
24131
26635
13887
12422
13666
14644
1074
-4626
-798
-6977
-757
16977
19797
14857
6311
8481
2361
-8035
3766
4461
1634
-15566
-13816
216
-3949
-7739
-10766
-7692
-6063
5024
-8857
-4718
-8233
-8489
-14149
-16760
-14618
-9531
-6095
-15111
-9802
-10435
-6917
-6248
-5782
1656
-7531
-10594
-14772
-7320
-2270
1239
-12489
-12340
-28619
-31155
-20219
-22740
-324
-11638
-10705
8466
11604
-1734
-4554
-118
-7424
-265
5049
-877
-2238
865
12645
7430
12569
9302
4253
3218
-1220
399
-455
15069
11805
17199
7150
8923
25389
25857
13207
17469
19185
13257
21932
25473
16861
16809
11410
8300
17908
9633
7870
11871
6338
9703
11842
3997
7534
-1662
-6015
-6894
-1097
8603
12672
2073
7190
6709
4867
3010
-6211
3543
-897
-16408
-15437
-9483
-11592
-6224
1470
-4938
-1043
-4017
-9424
-13886
-16455
-27418
-17900
-6982
-18468
-16144
-24085
-21388
-6754
-5565
-16390
-18811
-16809
4914
6423
10763
10977
-5887
-6415
-15884
-15799
-9108
-12422
-3070
-2324
-431
-2772
3407
7032
-7994
4285
8846
15060
19374
16817
10706
4486
-119
11607
9736
20266
15459
20031
14772
15747
8034
-276
4860
6842
12831
12299
11648
12050
14356
6975
4748
4597
7072
8992
7667
18274
12488
19784
11430
-227
5863
10323
5961
-9800
-6799
9608
3163
8189
2318
-6701
6815
8968
6749
896
10055
15556
6753
-5582
-7004
-6757
-3125
-10595
-11502
-9461
570
653
-3722
-2933
-5029
-8033
-5753
-14487
-14911
-16623
-5605
-11195
-17690
-13861
4993
9418
9888
-7896
-10922
-22482
1617
-620
-4997
-5386
-4040
10680
-4707
1625
1092
-5918
-3368
10908
3680
-1032
-6151
1788
4067
7453
-10164
-1771
3431
-8668
-4551
548
11878
11254
5837
-1470
-992
-9066
69
-417
828
-548
-3980
4633
-7845
1862
6988
4148
475
7024
16882
2035
6051
14460
18729
2640
-3256
-462
12545
13290
324
-1736
7541
-767
7570
-3364
3056
-2289
-8176
-21603
-7080
-3334
-7735
359
2984
-6751
-4111
-16920
-13309
-10035
11261
6938
9596
3309
-4356
-8216
-12604
-10624
-989
-17651
-13142
-13992
-11324
-1381
-16575
-6803
-8424
562
12644
3502
-11264
-1043
-6141
4536
-1451
6082
2835
-7732
-5441
-1541
2242
1739
1487
5488
4483
5021
6478
16150
5638
10846
7729
-7285
845
4812
4439
7317
10359
2424
-5717
-359
-5383
7346
23714
18399
11764
20789
8417
-3811
5537
16385
11290
-4186
7938
15260
2582
9227
9395
7308
11205
5866
-7813
2296
9223
9093
12164
17429
-162
-2174
-6902
14903
70
2645
1951
-1474
2182
-7807
-9582
-2276
12263
7139
5617
6443
12397
11156
4048
12638
20427
-6391
-894
7774
-4002
5633
9334
7298
272
-9185
-10460
-5250
-9660
4716
-7278
-13137
-5904
-15771
-1115
8646
2390
-6748
-1428
5853
2185
3010
1908
11748
8287
7146
-5153
-6756
791
9649
5586
-15171
-11457
-2086
-11006
-4172
4476
8536
6079
-2395
5948
280
1927
720
6797
5292
-5350
-807
4233
4950
-1100
-2611
5932
18192
13331
9531
12244
8971
4551
7467
16531
1855
5441
614
-951
-5055
-1558
-10667
-111
3873
6575
6890
-7728
7966
13683
6399
4170
9979
1612
6987
9490
6522
1122
2111
-2593
-7933
4663
1855
-359
-289
4291
-1772
-3937
5720
-2426
2656
-4711
59
3699
-10844
-2837
2221
299
-764
-9170
-5438
-3612
-12276
-2669
-8217
-11458
-10860
-3958
3700
4890
4264
-4033
-1266
9450
4385
6510
2357
4342
1698
3876
-640
-6711
-3510
352
-1803
9368
14131
15590
11004
-730
11294
10590
6773
1394
-14913
-1993
-2757
5814
11112
13197
5553
6380
6495
3186
11589
4613
6658
2988
7911
13163
3372
3309
12353
14924
5488
-869
4158
3766
-11429
-9456
-6866
9002
-6352
-5382
2970
7960
10750
-4937
5144
6172
-2949
4703
757
42
3718
-8494
540
4221
-5971
-8787
-10981
3194
3254
-4703
4463
-567
8798
-1927
4292
-4795
-13602
-12947
-7983
-6253
-5284
-14027
-10659
6453
-3609
-10359
-5420
-5077
-7072
1571
9119
-1252
-5673
-2361
4108
510
2100
2076
-1347
-5167
8451
-2315
-1361
964
1748
-653
-531
3907
5107
1259
-3542
-3496
2861
56
1967
11261
19356
-2078
-11665
-8786
7323
8467
12311
786
-3033
-2558
-55
17895
1176
10433
15869
17360
20742
15510
12676
-3751
-13910
-7421
-16769
-9632
8963
10473
-4552
-4718
1392
6591
5213
872
-4883
-8460
-1611
-5676
2414
5955
-9440
-9123
-6993
-8326
-7374
3510
11566
185
-8666
2042
3877
3289
7679
-5238
-5500
-12160
-10859
1937
-11635
-4815
-4495
-7558
-12155
-7881
-12216
-9304
-5845
-6996
-10559
-12737
-12019
-13237
-13331
-14253
-14232
-5540
-689
3237
4068
-5371
-10099
1187
-5449
-10218
-14200
-3883
4287
4395
10987
-5431
-4171
4645
13421
12620
2170
2447
-3230
-7026
17106
13031
8406
10299
8205
1364
2626
-1798
6210
6517
9969
8107
2101
184
-425
-7048
-2698
-1368
-3549
-6849
338
11741
8347
-1130
5633
9779
2839
631
1453
3784
2443
-5109
7298
5850
2030
-4325
-8098
-7524
-5110
-278
-440
-7471
-12735
-14654
-4997
8489
-10084
-12144
-10209
-11087
-9107
-2464
-9663
-12114
-7828
-12346
-6365
-148
-3257
-14388
-11803
-17139
-18329
-19503
-16061
-14014
-7488
-8397
-9229
-272
-3163
-2394
4931
-2593
-8138
-3817
-5396
-1294
5734
-10264
-4006
-734
-4345
-4111
-13803
3419
9185
-9103
-12493
-2966
1843
2666
-8064
-9722
1823
-2921
272
-4177
-7682
4081
-1932
-8558
3237
7308
14567
8694
2953
9613
-5002
3970
10995
-5057
6690
2008
-4360
-9694
-10793
-9773
4348
270
-8027
-1762
-5002
-6286
4816
992
4785
1925
-5318
-15538
-5654
9534
2380
-8577
3399
9722
-382
-791
-5818
-7023
2292
-270
11250
-465
-3971
-8373
-8540
-6681
9090
21345
7987
-9055
-1463
8669
6622
10044
-4685
3245
-2105
-4298
4054
-1475
7198
16750
7161
10944
9650
-873
2027
699
1925
8589
3208
-8377
1482
7824
12197
7134
-172
11493
8870
14707
11746
2553
1920
3488
-3576
13743
9579
8634
2894
9635
4013
1213
4927
1524
6937
11093
8761
-518
9994
14381
6564
13175
10548
5984
-511
-1291
-2570
-4359
5632
20992
11789
5838
-5530
-1833
10570
3993
-12522
-5412
4437
383
-5302
-17988
-7714
460
-3728
-7984
-21787
8584
4204
-3325
-9816
-7405
-1553
-4995
-8721
-9536
-13656
-17692
-16347
-12449
-9342
-3908
532
-5617
-2802
-4016
-18984
-21048
-11991
-11062
-8212
-1068
4116
3886
-166
-16939
-19537
-12598
-9356
1213
821
-13875
-10924
-87
-12553
-3150
4446
-6887
7124
-4241
336
3965
20972
5629
6481
-4112
-13883
-15612
-3523
5102
-4518
3390
-2916
-9697
-3036
10386
14410
6810
6046
-2280
6042
3042
-14749
-4307
3643
9532
-8582
-2046
846
-9745
-2869
4408
-1967
-3082
-9352
-13287
5343
11296
381
-3997
401
-4420
-2030
-1141
2464
-5748
-2796
264
4451
2530
2248
-4835
2970
14131
631
2448
-2062
-3712
243
13069
9367
1519
-13791
-8213
-10538
-8534
-15983
-6557
-8708
-8466
-6434
262
-4708
-10451
-11011
-15372
-365
-1480
3265
-3958
-6714
-11994
-7694
-4973
405
-2094
4572
8560
5277
-9981
-3103
-1651
3109
9212
15214
8447
1706
-997
-658
-8824
455
337
-4521
-8973
4521
10781
7735
479
-4740
-5649
-538
-1117
-1627
-3299
-3827
-7994
-8335
-14562
-5950
2054
-1341
-3737
2563
2270
4161
1959
-40
-11069
-7863
1578
354
-1394
-12090
-21026
-14558
-13204
-5607
-8300
6131
-3690
-12522
-10024
-10018
1200
5456
-667
-2098
-2824
-4359
6488
-139
-19025
-15597
-11722
-17885
-6374
-19108
-22397
-1988
-6713
-13177
-13773
-12787
-16055
-2787
4083
4682
-11484
-7207
9455
2569
-12471
3838
1634
-2957
6055
9212
-2098
-2420
-905
-12816
-7962
-10450
-4096
-10293
11801
12401
15892
10820
4643
1276
2737
-283
3283
7501
-5981
-4744
-2765
4522
9247
6298
2771
10305
10317
-569
-5241
-6143
-5629
1403
-3833
14
1450
2126
-5779
-8523
-10909
3757
357
-10054
2393
4092
9461
785
-3158
5345
4548
3858
8518
-14955
-17262
-17083
308
-7331
-4509
1986
6540
-6053
-6541
-19748
-17343
-9406
-11194
-6392
-3946
-3470
-5031
-5617
-705
-15675
-5418
-8807
-15836
956
-4810
-13373
-10892
-11322
-4806
-2596
7425
-4967
-1196
-639
1709
-5108
-4769
-14073
-11549
-1876
4459
4051
-7614
-5817
-3266
-10372
6752
-3483
6551
-779
15646
9126
-1174
-1759
-2797
3481
6246
-700
2159
-4588
-3153
6967
15564
9574
-2484
10346
593
3186
-960
2321
11249
5615
-6159
7441
5450
1753
-1268
7139
-5588
-9346
-3901
844
-5098
2950
1455
5424
4051
9171
7882
-4028
3236
-970
3851
-5779
-3425
11839
4498
-8434
-5411
-11430
-14104
-10592
-9523
-12828
134
4372
-6410
2961
7584
678
-3072
7351
-3609
-14934
-8754
-6236
-4996
-8445
-2179
10656
12234
4515
13611
2226
2502
12546
13390
-3019
-2017
-2135
6558
5551
-12485
-6598
2288
-419
-2330
-980
9997
2182
-13796
-15973
-3002
-1702
5158
12735
15999
14804
378
7897
-4399
6236
17682
11932
11925
5726
-9509
-1419
706
1967
1582
6705
2929
3013
-6376
-1641
4104
2442
6628
9858
963
10569
16083
16139
2449
-4499
4294
7360
5325
11251
9274
-2802
-5866
-7967
-9431
-6256
-17078
-20133
-6882
-5263
-9294
-20113
-3047
-8781
-5742
-137
-7390
1293
5740
-6375
-17615
-16961
-11862
-6677
-3253
-2007
6802
12910
-6153
-13946
-9045
-9354
-9187
-8571
-19321
-6777