-43813
19673
29199
-25033
-22724
-2031
-1725
-1467
-6905
-6565
-613
18436
-4394
-36638
12771
31110
-26033
-42257
19451
35229
-25305
-7451
36697
7336
-24276
-5291
12514
-2982
-5894
-7462
-6911
4543
246
-23922
-20470
21267
18016
-23211
-7458
25611
-14203
-44954
17828
31181
-1612
-10575
6457
7917
-4679
-1788
933
-224
14535
-5630
-27682
-1169
13034
-4377
-19156
837
10352
-29255
-26151
9396
-4241
-20126
-6869
11113
-248
-12561
7537
-6490
-6751
-3594
-5838
-3927
5272
15228
-14211
-19055
14657
-3308
-30195
-12863
18081
-5727
-13940
14044
12290
-7235
-8546
-394
-8939
-8988
-412
-8753
-6314
449
3725
-10923
-3262
7850
-17381
-12513
6700
12619
-10626
-18064
12405
664
-8909
-49
8231
-437
-2000
-1678
-15130
-10886
-5955
-5006
-21964
-1588
5651
2985
-6204
-3443
-13580
-10506
1736
14248
-18490
-18194
4415
8155
7771
-6587
-4711
-6793
14278
25387
8869
-2886
7761
-602
-16879
-9448
12004
-4006
-2599
-11088
-10635
-13752
4480
6612
-15691
-3482
-106
-3262
6863
8557
8573
-9939
3429
9806
-2333
-4943
-1982
-4298
-11875
8089
9572
-6104
-9881
-17754
-7518
-8956
-2659
1412
-10362
-10105
899
8325
11216
11288
-3281
-408
-9073
1494
-904
-12985
1358
365
-16115
-10198
14607
13392
-6592
3579
11116
-487
2556
-1180
-5389
-606
2897
-8300
-18036
-6104
1699
-4390
2608
3935
1967
1144
5715
-5028
-8348
-2711
6755
8335
-4790
-6507
-1022
-14100
-6279
5396
-2737
-1595
2804
-2322
-12402
-10966
16534
-2792
807
8605
11500
-3777
-2302
9972
1688
-14131
-4374
-4666
-8641
-1413
-182
3952
-2868
-8716
-9086
-8467
-9553
-13026
-8810
-21506
-17717
-11392
-2780
2025
2371
-582
-9887
2097
-687
1646
6105
-4817
-18599
-11369
-3421
-8367
-6865
692
3858
-5779
-1240
6587
-15523
-7200
6279
-11081
-3197
-3621
8107
-1040
2427
-1086
-6441
-14343
7314
-4661
-7940
-2503
3789
1053
4375
7234
17034
10828
381
-2644
-6632
-7387
-7990
-2291
4677
-3081
4889
-112
264
-10977
-6287
-4363
-2477
-4737
-12911
-6811
-12469
-6529
-10401
-8522
265
-6096
-9656
-10906
12249
2649
-9641
-26396
-14123
-8283
-698
-7336
-5338
-1035
-1932
-9565
7213
3040
-3138
460
3381
-10109
3496
-1715
-1117
-6724
-4258
-9101
-14080
-13191
1969
1914
-2695
-5869
-12978
-8355
-357
-2248
-3117
-5672
8700
4325
2585
-7253
-4457
7538
-2100
-10975
-21370
-5093
-3650
-14700
-8926
4326
144
1016
-2182
859
5809
-4339
-13955
8052
11593
-6259
-6587
7315
2653
2662
9790
15187
8794
-799
2426
6418
10826
-3427
5823
1130
7774
-5590
-7025
-12025
-8664
897
-680
2230
2104
-12320
-7141
8451
2399
-1710
-7803
-9305
6392
7026
-1226
-2678
1373
8603
18151
4907
-3707
3572
1362
8903
1533
4226
-3655
-14637
-9626
-2221
6415
1444
-7192
-2422
5403
-11453
-22203
-7378
155
11762
3192
-3656
-4098
-9704
9109
3733
3294
11639
6386
12199
11092
1576
5235
2431
-4588
-3977
853
-6042
1318
4462
-2635
-11717
-17230
-11711
-5012
1773
3402
-1674
4313
3887
7131
-5176
-13054
1322
-6321
6936
1401
-5996
6337
463
-2965
-2104
-5908
-6227
-3285
-457
-5205
7350
-4612
-9091
-2139
11948
-34
312
-3936
-3283
-2371
-3771
-5821
11797
9534
12687
2870
3062
-2624
-3138
-18756
-11425
-10000
4442
960
6528
-1503
-13055
-11226
3256
13348
7545
74
4178
-6566
-15455
-7457
-272
-5669
1616
-5759
5368
319
5835
2923
-6709
-12285
-8018
12022
-355
-8671
2013
3982
-7094
-8308
-153
-413
3772
233
-9639
-5931
7618
-651
5773
5807
18167
3461
973
333
4129
-3727
-19417
-8987
-12097
7017
9463
1403
930
-1249
2175
7604
16412
15449
9762
5479
-15748
7564
10604
9474
-4714
6961
18318
20841
-4178
-6290
521
363
16702
1840
412
7596
9227
-3942
-2694
787
-6433
-5171
-10891
-11341
-8582
-16914
3107
12033
8034
3635
-6813
-11431
-49
-4115
8696
6954
3256
-1736
181
-1351
6886
8955
7097
-8334
9620
4250
2402
11515
12843
-929
-4849
-1703
3890
14713
7604
1213
3866
8371
-1532
12396
4156
-2442
4957
6487
4088
11270
-3496
5779
13065
8005
-5657
-3806
-7199
-601
-8985
-3896
10408
842
-5403
-1562
1346
-1704
1831
-2469
-4905
5455
6110
-4140
-1323
-3471
2303
972
-1520
4769
16050
15285
4619
5078
7353
15304
13457
4338
5810
3114
-7880
-11417
8512
-2782
16121
16713
-2450
-3774
-2679
-7562
-3258
-9344
-7336
1290
2001
9785
1575
-1350
2166
7915
9911
4224
5586
11056
11419
-10663
3699
4079
-4981
-3867
8209
9141
7019
-4392
833
1899
-12588
-2748
17992
22601
11209
-15199
-4750
2568
6520
8759
403
-1546
2785
7455
-10857
-8493
-4590
-18189
-9647
-5341
8666
16997
8318
1718
2465
-11806
3990
21781
7291
-4672
-6473
6660
11532
2393
7346
2948
1709
-1793
-3241
2451
-1213
-13801
3978
9224
18019
-4548
-8923
2849
13926
4534
261
8250
4975
784
-5196
9368
3516
9326
14568
17854
8109
3002
4602
12215
11467
865
-6267
-5048
-10804
-10213
-1866
1219
-21758
-14347
-4527
-4056
-2465
-16766
-1648
-199
-17474
-6544
8608
3552
-3116
-3618
-2894
-4835
5026
-977
1003
-1309
9993
10140
3266
-5723
5422
16243
2594
708
-11411
-7964
-9407
-6908
-4165
5060
1650
-3133
-5036
-6397
3218
13924
18166
-2820
-2313
-593
4108
7433
11345
9152
-1546
-5212
-199
-6616
2452
11765
5099
13003
16742
13958
13873
11404
9857
9400
8225
16821
5935
-4935
4630
1782
-7557
-22487
-15848
-7715
-4898
10624
4484
-4239
-5919
-23718
-10544
-12936
-12185
-2485
4050
7483
3687
2949
4733
7657
2337
-3471
-2419
1698
-1830
-16021
-8991
4185
14949
2187
912
3921
13232
8847
9209
-298
8901
6108
10032
6858
293
129
690
-1337
8055
11238
11461
4099
-4340
-14876
3905
8285
16152
10343
-5244
-14074
-3705
10208
9754
-1506
1216
9467
5887
-1855
6395
6367
-8633
-5234
8979
-4583
1307
15487
10842
8350
-3901
-70
-3769
6264
8955
8133
-2710
-7415
-1597
1799
6171
-5090
13791
-3072
-11625
-7985
4640
-12301
-12305
-2980
-5507
-12031
-4263
2805
1446
-2394
13238
10551
2847
-4885
-5103
6680
8292
6592
2919
7202
-11700
-21924
-26149
-3749
-15812
-6954
1308
-10372
-3664
3055
61
-3579
7704
8323
-6855
950
-8450
-5490
-3158
2500
-4506
603
785
5661
8241
8288
-512
9297
-1237
17730
5772
2200
8729
22499
15889
11877
801
6312
5071
-3290
-6293
-2317
3470
402
-6076
-256
2191
1520
4353
4376
2216
-409
6372
-2514
-4652
1149
10661
5063
-701
-2629
-7899
7098
7682
11483
16716
9525
672
-1162
-1816
-15199
881
-250
1424
-5094
-4816
-11912
-18401
-10849
6077
3887
1796
9527
5907
-1315
-2624
-11985
-10392
-2547
-6417
-5439
5238
-9409
2827
-2288
-4809
8111
7547
-4303
6029
9118
-2293
-3632
3978
3718
10141
7878
-10125
-7143
3520
-9568
-15345
-10379
-122
-6861
-3295
4585
7969
-8130
12180
6939
-5840
3087
5297
-3192
2454
1023
-3308
-834
-1290
5385
-4101
-2864
3208
10823
9257
-655
-13498
-10168
-15603
-5184
-824
1320
-679
4328
6814
1411
-326
-378
-7895
2987
244
970
-1822
9675
160
-5407
1873
2276
-8852
5797
5611
3021
1751
-4753
-9093
1310
5074
-2416
-7660
7983
6203
-2300
4184
1904
5101
14880
6181
-3239
-5358
-11050
-5410
-10021
-5565
-4578
-1294
6393
-5975
-13345
-9608
-2091
-3798
6877
8021
8397
14840
9461
10587
-1236
-6413
-2012
-11873
-11811
-3395
-7823
4140
5719
-5584
-5958
-2759
1635
997
-2272
-8960
-8550
3619
2187
8918
5128
-1362
-7295
-7887
-6882
5548
6190
-3109
7965
3103
-11356
-11370
5669
9428
8725
10654
-2326
1370
15818
2010
-3914
-1260
5
4724
15048
12526
-671
-20844
-7965
3645
-3153
-5111
-11203
-12116
-19301
-15918
-18797
3193
20320
7910
3574
8968
1158
-4015
471
1395
-8355
-7415
-24338
-9767
1739
9320
-6559
-750
9297
15855
7534
-8736
-11121
-7158
-9306
-1877
-4364
-194
2767
1470
-15872
-14068
-5567
-3319
-3738
-6801
-729
5697
-5198
-5589
-14782
4718
2626
619
7144
-10576
2996
16353
18047
-1061
-15742
-8720
-8168
-5024
-7302
-9600
-2649
-1695
3966
-5071
-10504
4624
266
-15893
5823
-11547
2683
3267
12707
14650
5951
-837
4376
6254
887
-8145
-3380
5038
468
-3692
7966
5114
5791
8537
9707
65
-9226
-8362
7645
3061
-1254
-5195
-421
4810
10431
4182
-5724
-3418
4652
-1272
-3790
3043
-1095
-5852
-10430
-8742
-8043
-12208
-5147
-3518
12451
-7104
-8885
3161
865
-11196
3853
6164
12559
12698
562
-148
-3024
11251
7605
-1013
-13251
-8020
-2236
-4439
-1313
-7219
-9876
-7756
-11418
-5236
10170
582
-2416
-5673
-9371
3243
9580
3595
-10391
-1260
-699
2823
4824
10702
1829
-8274
-137
8519
-2604
8188
28866
12570
-10083
-4113
1778
-5016
-9720
-4677
-3209
109
-3932
9469
-6135
-7878
-7323
-4846
-18019
-10197
789
4059
-6052
-15982
-12479
7516
12866
-8735
4209
5205
-9846
27
-6185
-15901
-6404
-6406
-3362
9294
-4021
-570
1551
1844
-2893
-6601
-8880
-1149
1480
-7977
7076
1083
5029
3591
-20504
-3270
-5325
-6783
5640
8839
2030
-3854
-6819
-6757
-6185
5265
5809
-2838
-1766
-2257
-2206
-12047
-15027
-12309
-19416
-6125
6980
5360
-9458
-5387
-2393
4195
7339
-6048
-8943
3678
-3670
-4131
11234
9931
-11922
-2687
10530
5774
2581
-8755
-5896
2878
-445
2378
-3697
-43
7274
-2039
-9067
-8359
1722
-3155
-5899
2092
97
-11728
-8022
7501
-9643
4108
8927
-3686
-2543
-2577
-4335
4735
2660
2461
15024
4231
-5376
-3419
-6603
-8052
1286
-7159
-13454
-198
-9941
-7706
-5196
-4642
-11406
9880
6977
4575
7607
8821
-2604
3780
-1000
8667
10798
10061
697
-8729
-2077
-4770
8086
9691
2617
-9859
-16266
-3419
7855
-2732
-7541
-22541
-24863
-14278
-5709
2857
-2909
5516
1360
2089
-9990
-10224
-23081
-18114
-1628
14530
8281
-5667
-5679
4005
21871
10725
11866
10533
19415
10129
-4905
-5617
5294
-9360
-4307
-5848
-439
3715
-10674
-10918
-11112
-7312
-3862
6365
15010
3598
22981
18986
6586
5730
823
9022
-4684
9221
9380
-7583
4148
2765
-6853
-8490
-4915
-8219
-5181
-1649
-4622
-6615
5103
-12084
-15871
-3708
-2041
-322
-7867
-9962
4206
-4233
-1283
5495
4287
741
-9367
-7734
2425
-3335
-5104
6593
-9501
-16885
116
-6030
2089
844
-5115
1894
12705
15564
2645
4631
773
-9839
-14630
1758
11892
-1236
1423
4394
-3709
-10701
-24397
-11036
-11960
-4841
-7037
501
5446
-7849
-3979
-618
-536
9961
-8196
-7277
-573
3836
1151
-2861
2484
-3045
-13687
-1739
4747
-6444
889
3333
17470
3958
-6720
-4396
-502
-19
3819
1075
-7677
-5388
7713
917
-13560
-10136
-7359
-6528
-17761
-9202
-3594
3219
5645
-7621
8354
15119
-517
-1854
-358
-12725
-1155
6922
-5097
-152
3179
4993
13137
3876
-112
-6272
-2097
-3708
-2636
-4462
-5125
-3419
6646
2457
-5017
-3871
-1719
863
-15281
-16660
-13859
3446
-3872
-1553
3480
-4296
1002
6917
9841
-12499
-10810
-3646
2176
-5154
-6670
-7686
-5131
-2246
-4944
-695
-22161
-11440
-13179
-12020
-9889
-396
-10838
-8442
-24503
-22968
-11831
-6896
-10033
-2873
-6006
-35
7721
-2294
-435
-2590
1339
-1558
-3778
-11688
-15036
-5427
1319
7978
808
4736
-5738
706
-3155
2950
-4509
-13235
10082
13726
6481
-9727
3031
3716
-11708
-3594
-13296
3619
15380
5688
7948
4250
1064
10711
6581
6693
-9525
-15552
-13617
-3902
-13136
-11603
1144
-3200
9490
9200
4044
8739
-1592
6836
-4944
-315
5702
6776
14858
10489
5386
4276
-3667
-6007
-16
7148
1376
2111
-3389
-9029
-2490
-16416
-1568
1501
4733
3034
8560
7950
-2842
-3802
227
6271
18966
14761
5080
-199
-2055
-4217
632
-4971
-1856
-17585
-6596
4523
3408
-3583
1476
-520
6493
8533
-7895
-4816
-11111
-10357
-540
-10993
-4285
635
-8691
6080
4347
6811
8310
7573
2921
-1903
4733
5531
3917
-6453
-4999
2185
2198
9900
7854
-9488
-9586
3396
7679
6312
-847
1357
-6483
-6260
-1964
-1939
-2747
-6674
-868
-1778
-13363
-18690
-3169
4219
-2099
5975
13489
-5698
-6289
999
9070
5116
-8334
1507
1756
8005
2039
-2958
1630
1475
1858
-13802
-12898
-5559
4042
13658
-2857
-3591
11918
14323
4500
5421
10877
4185
3926
13298
14869
9030
4190
8493
945
-1162
-10282
404
-1749
1594
13288
9445
11394
5708
2828
-3173
12107
1915
-14864
-6021
3030
1076
-3346
3954
-4745
-982
6296
3476
16207
-6392
-8826
-8500
-3729
5413
-11981
-20727
-17891
-17950
-781
4909
18861
5804
-14122
-18439
53
-150
-4454
-8238
-6520
-10941
-4533
1760
15770
2509
11287
5672
-5174
-5065
-608
-9
-10496
-6066
-6948
272
1386
-3248
3870
13956
5629
-3686
-3454
-1189
9789
5407
-4401
2261
4266
-4668
-4482
4030
4662
7087
3998
-1030
950
1540
5671
-6441
3304
340
-252
4244
5156
5539
-17940
-10860
8624
4457
1959
-9694
-9220
-3393
-14440
-12325
-2655
-4371
-10549
-14922
-11209
-1905
-10650
1615
6128
8338
-18029
-7374
-7058
-3559
-16354
-14356
-2682
-12006
-9700
-15782
-2936
9724
-3298
535
-4689
-6446
6318
-9944
-8078
-1351
-6332
-8492
-3887
9614
-104
5908
2710
-60
2637
-13279
-8444
8260
12251
5642
6832
10802
470
6010
10992
10553
325
-11316
-11783
-13479
-776
5495
6272
-3323
1518
8088
11495
12206
6721
-6332
-9724
2338
5643
3849
3039
4410
-3817
-4073
-15019
-5315
1403
8707
4247
4333
3304
-1161
-4587
11185
2818
2017
2332
4230
-383
-112
3997
19072
-2179
4400
2232
15247
3029
-2765
-7717
-3956
3093
-3484
-3170
8544
-290
-533
-3390
-2839
-7029
785
-5606
6883
-8830
-21716
2651
2979
7223
5714
4684
10706
-3185
5960
-1826
-5355
7794
14216
2620
2945
-7916
2138
76
2522
-14643
-11596
3172
4203
-2607
-12967
-4729
-1741
-11220
3222
1371
2291
-962
-3914
4633
6876
6945
-596
3734
-2204
3507
-2819
7453
11923
2160
4132
-8350
-12580
2682
-8093
-14182
-10280
-9668
-5181
-1788
-4283
547
-9577
-6155
-3107
-1258
2209
5243
5655
-7357
10176
827
2407
-1275
-7191
-8499
-3575
-199
8568
9283
4020
-2095
-5338
-14294
-2771
11229
4323
14015
1674
767
-7471
4194
14404
5034
14055
5256
16999
5924
-11827
-225
12274
4644
-12466
-13909
-9355
3044
1043
-11171
-6642
-5928
-11901
10274
5818
7257
7578
-12514
-6966
-6687
-462
-238
5133
8009
3280
-5905
-11665
3730
5178
5241
-3103
6080
564
11667
10360
-2820
-5864
9711
7981
9009
983
-9274
1179
-2730
-8767
-5720
-2374
-260
-4868
6498
-6887
-10632
-2521
-4948
-5805
-9323
942
12784
62
3759
9709
13117
-3243
3941
6051
4282
-7272
4655
14208
7580
6655
4370
-15209
-13591
3948
15103
18764
-4663
-12252
-11967
21569
82
6839
-4169
5700
-4251
41
-6470
-19087
-8152
11402
13995
4000
18895
10650
5272
8106
-3289
-6620
1990
109
14266
13193
10857
7370
-3048
-3242
214
-9195
-19458
-14340
-786
2221
8275
3279
-876
3272
-4610
-10461
6996
9036
-13731
-4738
-93
-8998
-5379
2575
6798
2634
5573
10404
8899
2034
-3223
-462
-978
-1634
-64
-3015
-3285
-1293
-13136
-5265
6290
-2078
-8499
-4237
1514
3510
1
4480
3521
-205
-524
-3297
-7447
-6395
-1006
5798
2401
13302
1948
11702
-6112
-9889
3395
5294
-17038
-6560
-6315
4134
10402
11652
-342
4773
-2175
11333
7688
-2452
-590
3987
-5323
-999
-1519
-267
-10047
-3506
529
-3655
8947
-2831
-7010
-10655
-3572
335
2174
-2190
12791
2514
-14138
-12904
7143
6911
412
7242
5876
3567
1339
-4067
-7504
4754
-7563
-7248
-382
7422
1023
8724
16612
9224
-2085
-4499
16814
18400
10776
-4216
1100
-548
-2626
6015
12383
-873
-16064
-20531
-20367
-1757
8047
4904
-6467
-16857
-3389
-4885
-2969
2350
-870
885
-116
13806
9577
-149
-13053
-11257
10007
-2185
-6051
8851
8045
6355
-13067
-4029
5565
15173
9084
9476
4696
7201
8092
6320
4323
11135
-7431
5586
-4415
-533
2640
8896
2701
6519
-362
-9181
13555
13497
7003
19808
5494
-851
5278
-8152
-8265
-3610
7943
20225
13395
4963
3426
9588
11435
-3
-1993
11884
464
5270
7254
24
2894
4876
1788
1650
4806
706
2444
5273
5245
-3766
-6159
-6192
11723
8423
-3321
10011
9995
14205
4806
11603
3059
-5851
9290
9855
-2716
-2096
1844
2914
-3032
-12059
5950
4313
-2312
-17535
-4674
-8932
2945
-7605
-5290
7383
4143
4442
7744
1410
9983
11000
-7811
2773
-13076
-9222
15140
1821
2064
-379
12335
15806
2936
-1667
116
7371
4108
11704
-3628
-7005
3250
7912
-1439
-16079
-6972
-4977
-11461
-4561
-6647
-11281
8444
5575
5335
10717
12955
1169
-5960
-4370
-5759
-5339
-742
5415
5573
6082
-7211
6774
1279
-775
3177
-5580
5335
2438
-8466
-14167
-5433
-6541
2858
-3764
2395
3237
-5397
-135
-2868
-5463
13312
8813
8718
-9251
-6906
-3784
-10358
-4988
9175
-1260
2509
2269
-1597
-7851
-4716
3975
4208
-3658
-10
-376
-2910
-5880
-12360
850
6140
7240
3247
6314
10666
13300
6070
11883
206
-1380
7836
730
1177
-3912
-2725
4043
5562
-2341
4468
3623
4579
3431
-3073
4782
1519
2786
-4456
-1821
-9575
4250
-2331
-12116
-3044
453
9932
20077
3408
193
-1853
6485
-3617
-8109
-2338
-3943
-3650
4919
3922
-7630
-635
15444
5504
2958
-513
6884
-6188
-6959
-427
-1983
41
6294
-2596
-2345
-9998
-8314
-16968
7238
728
13010
3620
12532
4757
4999
17261
-2350
-13707
-10080
-11056
1146
-641
6854
15026
2262
-10859
-7902
7331
5779
6575
-63
10724
5927
-12087
-4883
4493
8471
-1229
-8363
2010
5249
3866
8597
2733
-6131
-2362
-3703
259
-5044
-7637
800
1163
4487
7463
10624
10515
1010
5123
-1814
-5568
-5762
4853
1289
12213
16647
4391
-13571
961
2056
-5778
-14453
-8023
-15619
-5875
-1104
16791
11028
-10422
-246
3817
9403
261
-6658
-1723
2686
12403
1601
6040
6257
-3861
1538
2493
981
-5981
-10115
-8710
1940
-3275
-10253
7472
3372
536
-15711
-11394
3484
-9041
-11247
-12561
5382
6029
11995
10524
-642
2097
3410
1278
10818
2389
-3396
2635
5787
-1492
8771
3650
6706
1870
-7139
-8798
-19596
-9072
101
-5756
2502
4055
-267
-4015
-580
-2698
-2702
22653
424
869
-5216
-2985
-5291
-7284
-1465
-4769
2073
7149
8338
6851
3166
2721
-7202
1371
-14074
-5631
7202
13209
1152
-2371
-2192
-12377
-13155
-4349
295
5954
682
-1069
-1060
-9533
-313
-13049
6500
6570
-3899
-3300
-1279
10565
8197
-7264
8909
9802
11984
6082
-13376
-6142
-3440
3859
15944
14017
662
1456
6862
9026
-4413
-4976
-4727
-4896
-7563
-2512
7831
10085
19238
16294
1645
-10967
-10045
-1829
1900
6938
-1383
-2907
-3485
-5075
3298
5519
-118
4236
-3047
-5602
7679
-5722
-7644
-6612
14373
-1230
11976
-501
1639
-2409
-9778
-4714
-12554
-2698
5683
8283
4990
15483
4011
-3674
-7027
3708
19117
13663
4655
5280
1810
-1125
7613
-908
9772
3747
2174
1336
-3112
14761
6422
-9847
-5566
-3493
-14818
-10038
2819
-9532
-11074
-4360
7494
9232
1282
367
2268
-5555
6541
-9787
8022
26170
24982
5988
-9809
-10006
-13058
-9647
2873
-7864
-9343
-6598
-13223
-12788
-11286
-4508
-224
-7770
300
20154
-1902
-8244
-19343
-12654
-1810
1964
6586
4499
9423
8866
7874
2309
9872
-5369
-5163
7853
-876
-150
3592
2076
-7255
-5110
-7496
-4522
245
12578
-8906
-5404
-2261
-15882
-10258
-3907
-2115
-7512
-5191
-567
4590
798
-7959
4705
14996
9439
2565
9296
-4082
6369
5447
1160
4987
-8420
-3101
-4928
-1160
4962
-11159
-3176
4632
15525
2370
-19434
-14200
3209
13561
3773
3339
-2251
-1487
8471
-3649
-204
2018
-4771
1506
2937
11809
10533
6966
7979
3822
8491
6572
-9966
-952
12625
8124
-12613
-5040
-11272
-7259
2005
-12818
5070
13996
2273
-5221
5615
-5663
-6203
-5644
2580
3108
2327
-3251
-6545
4491
6988
3751
5062
-4952
-4212
12826
5960
-2761
-2492
10329
11804
7026
-10540
-25011
-17003
-3406
-6712
8880
16208
9711
16268
21843
4354
-6686
2123
4820
-1906
1539
10093
17573
1095
371
-1132
-6410
-376
-1540
6731
16733
2042
10961
8140
-4168
2335
8279
6029
17409
21185
8875
7611
11567
4156
4533
22708
4029
-12162
-11224
4080
5107
6108
6295
-10389
-746
10445
6472
3324
-6881
-2512
5619
1491
7321
16667
11593
7315
5858
15619
-1182
-12952
2345
8761
-98
358
-363
8702
10166
-2067
-2824
-19350
-14624
-15078
-14356
9544
13330
-759
-825
-1265
-657
-1100
6414
6634
8628
16552
-1027
1224
17808
12860
902
9172
8041
-11022
-18124
-12320
8177
12823
12970
2628
-686
-1779
776
-9248
-4314
1426
-11344
4004
264
7652
544
3692
-827
6397
-4
989
-3761
-5153
5242
1879
3393
10797
-263
-2227
-2763
-6500
-106
-4900
47
-3824
-9936
3534
-2618
8835
10570
3379
-3321
-5654
2734
3271
3306
55
-7946
4842
906
-1728
639
8517
10115
11481
5244
11800
3724
10716
-1446
958
3951
7756
6887
5376
-4326
-119
-1011
1508
5575
2067
-1506
747
-3706
-2438
-4580
7916
953
4181
-11223
-8362
3801
12138
3076
2444
1525
-18233
-8779
1553
1993
1563
-6914
-7939
1075
-6540
403
-746
10369
16196
1824
-7029
8222
15713
13355
2620
6828
9801
13230
-3616
-7780
-1181
2738
813
7080
-2872
-10825
-7293
1410
8973
356
-3233
-6802
4422
4354
-7976
-1086
-998
-3215
-6213
-13108
3122
6368
-20438
-29384
-9933
-1796
-293
-7313
-3751
3322
-1316
-10586
-4807
3832
9321
-506
-4853
-13817
-24988
-16249
-5402
4518
4747
3670
11399
16401
4468
-11819
-3570
8980
-133
-9184
-714
3848
10726
5244
-11088
-9453
-10744
-2899
5712
-9054
3182
6768
-5124
17
16331
12764
-6977
-3184
537
2682
10383
13963
991
-15946
-4
7497
1783
6494
5916
-8547
-11355
4009
5374
-19209
-10641
-49
4017
6995
-4352
-956
-8088
-13793
-15120
-5798
5089
6617
-5359
6552
7998
10221
10946
9919
6054
-3883
-8887
-4435
1364
6481
-351
-3353
1582
1058
-801
-2045
5550
614
10609
24153
679
-12612
-2715
-8398
3519
-7487
-16842
-5535
-5051
-4737
4488
3540
-2501
1003
11040
12800
22233
17054
3996
4651
3246
9967
646
6536
9932
5612
-5404
-5893
-8493
-4581
-3836
-6262
-3497
-12813
12335
9417
10418
6922
4755
6121
4135
2106
-2955
345
587
-8439
68
2006
-5557
12449
5041
8306
9705
1783
1124
-446
715
7816
4911
759
8011
5565
16291
16460
8308
-9546
-9556
-8146
-6328
-5763
-457
-6301
-7029
12258
4263
8965
-3832
-2002
6482
3004
-5283
13366
2074
-332
-93
18433
13385
8179
9107
5270
212
7911
-612
-12353
3373
14403
19331
5211
-2710
1387
2666
16801
15412
-3230
-14267
-613
8166
7509
7435
10698
-6086
-6096
417
-3804
6645
16003
19886
13521
-11546
-6150
-1174
-4313
5173
1252
-4246
-14683
-1998
3311
-2213
7437
12168
8856
6686
205
-65
12834
-8596
-1654
4617
111
-14
1655
4887
-4044
2302
4947
10238
5214
-4984
-3892
-5501
-2827
1735
2936
-5347
-841
-5136
-12025
-3116
-14380
-4972
6625
12332
8582
2194
11173
14078
-3847
961
1649
12510
2177
5132
8270
-6320
-4325
18984
5420
2390
4507
4585
842
3324
14125
4371
-11442
6550
10145
7453
10964
2744
-3207
-2939
-175
-2350
-2512
16294
4452
-8401
-4687
8390
2352
13906
-1110
-8862
-2232
7968
14049
8669
8017
-4157
-7409
7099
6971
17138
-275
-9555
1627
3204
6813
6975
249
-2005
7892
1870
-6883
-8233
-8108
-3410
-2656
3132
5690
-6592
-1334
4034
7695
5271
4935
3181
-6456
-423
7851
8016
10041
15348
-1411
18976
11210
-4753
4753
3412
-6750
-914
-6064
-10714
-7812
865
-3088
6557
-2416
-7479
-9648
-4839
-9913
3981
4193
6090
2937
12557
7811
-1864
-4743
-507
-2874
6928
18696
12274
944
-1077
-211
-4373
9771
3001
-1441
3416
503
-8301
-4401
13588
18157
8735
-5803
-7990
-20436
-21902
-6341
-7527
-5132
8304
13114
-5408
8080
5831
-5645
-7820
-14888
-9363
-871
-5985
-11623
1691
2382
6477
895
-21055
-11535
-1520
1386
-5777
1709
6310
13072
7369
-10552
-1169
2003
-12650
-9074
-3140
-9590
-4506
-10464
-3828
-4329
5326
13096