-293255
-472066
208927
444949
-224974
-495865
149062
466326
-151992
-491656
82107
462143
-91912
-510296
-1108
448840
-18849
-493539
-68083
439807
72426
-450965
-122377
408451
124905
-422465
-176967
379939
174819
-384747
-228671
325709
242723
-319245
-265590
278998
272473
-247895
-277815
223621
310656
-185023
-305589
168138
304464
-143140
-314519
130553
335932
-82754
-308115
66323
339295
-13707
-314442
15309
321952
19807
-289649
-31265
305022
72537
-256101
-67569
282898
114258
-228200
-105671
260922
170177
-207337
-136215
228089
175663
-188155
-168181
180664
192695
-158830
-187963
122498
186175
-127105
-203025
100310
197610
-88688
-208268
67420
202303
-47414
-218093
27807
186451
-33548
-197663
-9111
153087
-11061
-190719
-20790
141635
575
-196802
-65850
130338
29613
-167448
-78152
113551
63131
-137678
-105215
93582
66361
-125124
-118325
58504
74855
-87978
-108664
59188
85082
-63129
-101541
48694
100026
-49493
-109096
24799
102753
-31334
-94295
17635
103008
3482
-84325
-1191
85063
23817
-58518
3839
83237
33183
-58833
-9736
86781
44161
-53162
-10537
81674
50737
-34890
-17060
64174
61243
-36214
-32954
34162
48894
-31655
-47158
29242
34279
-16162
-35046
15689
29911
-18569
-31962
13302
31309
4734
-34159
2772
28989
-15395
-38993
-7305
15635
-2429
-40391
-29149
7306
-14981
-43622
-18711
-3494
-22004
-46075
-36565
-9590
-19391
-35871
-23263
-5712
-14090
-33349
-39771
-7191
-10947
-38862
-44893
-30632
-8700
-23321
-32420
-16920
-14795
-25916
-20758
-18737
-14519
-24305
-29701
-17973
-2133
-8045
-16648
457
13469
-9107
-18196
-19730
2607
-5654
-10146
1284
15977
9979
-4729
5836
11823
13970
18926
11164
21892
17961
16113
5430
12670
17747
12508
13732
24456
13932
3051
1876
19949
24114
16050
16111
-120
3098
19019
6942
-1129
441
7170
-284
-1603
8888
-3134
-9321
-216
-455
-6956
-6082
-9799
-14147
-9269
-11771
-9218
-6373
-11604
-20333
-26401
-18830
-12332
-8638
-13943
-23353
-35196
-29408
-18687
-12791
-28037
-37872
-5536
-7906
-16539
-26794
-19648
-7214
-16897
-24861
-23778
-4295
-11495
-12963
-20570
-19594
-14201
-25057
-24444
-3160
-2038
-9263
-13152
-5943
-12933
-20412
-7190
-13873
-4196
-12085
-12520
-1580
3905
-10790
-1544
343
-13896
-1318
21061
-4117
-2773
14045
2270
-7053
-3862
6379
24295
13311
12721
24499
14161
1808
5405
3255
3274
11425
4514
-6801
594
6247
9128
13205
11906
-8148
-3361
-3016
-12773
-9238
-7547
5686
-1419
-14580
-2820
-8313
-14839
-7873
2191
-3172
-15965
-19231
-14631
-19036
-27844
-20528
-15019
-11804
-16414
-38235
-28025
-27640
-25780
-35024
-35362
-21326
-28954
-35586
-35364
-26537
-30135
-34152
-39615
-33721
-30372
-35715
-27208
-23856
-27601
-34283
-27825
-24836
-39034
-19464
-23713
-37163
-22887
-14748
-2676
-4065
-14384
-12003
-5387
78
-12191
-10087
-4284
-3452
-8936
-11297
-8077
-8000
8314
-4055
-3515
-6518
-9547
11610
18019
3976
9512
10868
21295
27489
5896
9213
1605
2077
6487
-5429
2428
11507
6014
7187
10000
13795
5694
3194
13684
4073
893
-7927
-7898
-13223
-3161
8613
-10517
-15963
-7056
-4135
-17639
-13452
-9894
-1007
-4470
-2953
-5239
-6385
-7707
-18902
-26954
-25441
-23920
-17793
-18692
-11163
-24166
-22604
-19825
-22637
-33689
-30323
-30025
-22440
-30100
-29380
-21937
-19116
-26523
-31714
-26227
-33166
-16622
-17593
-23968
-4325
-6934
-12539
-13788
-9288
-5717
-12829
-24533
-9663
6401
-2812
3205
6304
-5734
-1585
-7421
-8756
3336
1925
7766
13199
10727
1595
7964
9643
7049
2770
2980
8207
1727
13689
16628
11540
7042
3052
6981
16861
10740
6293
14744
20431
21095
15959
17109
3997
3787
-2048
-5301
-10574
14365
3806
269
11142
2091
6154
-4088
-1562
-8742
-22496
-20370
-8669
-758
-10875
-21828
-34966
-13712
-2589
-13382
-34956
-26803
-15333
-15780
-19821
-19646
-24061
-27197
-21576
-20866
-16701
-21477
-34323
-31903
-21160
-18619
-41998
-40604
-26170
-24442
-24564
-21450
-12988
-2092
-11235
-13524
-8267
-15478
-19724
-12846
-14256
-13690
-8750
-5816
-1606
-8240
-11087
-12371
1569
9104
-1716
-2656
2050
2035
2429
-1483
-1427
695
7817
6309
2889
-558
2936
-614
17078
11044
8618
1365
14161
13182
11892
11126
13731
16691
7593
3122
10086
13446
6393
11892
20019
-3746
-8587
9907
8310
4849
6496
-3587
6614
-6522
-12228
-19611
3237
5009
-12410
-5223
-3584
52
-8624
-700
-10489
-18120
-21685
-18154
-16088
-13528
-10791
-23558
-20956
-13547
-15939
-17743
-32175
-25723
-7614
-14916
-17851
-26789
-22927
-16273
-24949
-17634
-15258
-10081
-8499
-9577
-19329
-16936
-24878
-19204
-14756
-7783
-15228
-7579
-7884
-4288
-2803
3733
-9855
-5658
-4931
-4321
-4820
-8002
-10307
-14834
-7875
-1950
1885
8518
5200
9432
548
3677
15250
5257
10715
10180
3171
11056
3221
6176
6779
7837
11645
8381
13340
28058
25905
8065
11160
24535
21511
9522
-436
14164
14221
11696
5378
1045
-3442
4773
11985
22061
1793
1798
-2344
-2203
-5903
-2449
-2810
-11125
-20337
-12244
-9315
-11780
5280
-6915
-5082
-7227
-17751
-15124
1251
-11617
-18849
-9161
662
-13371
-23639
-13819
-21113
-21374
-11643
-3177
-9773
-14547
-18752
-15120
-6158
-8782
-26122
-16553
-18660
-20423
2038
-11261
-12413
-2452
-3056
-7111
-11463
-742
-1326
-3121
624
-10741
-6092
-9476
-12272
-755
2206
1496
3421
-5145
4351
11801
2506
6700
9776
3313
18020
25657
13027
7779
10070
13984
12545
13419
11488
13101
16170
27059
26641
24673
17960
18377
9616
18557
19776
12923
4994
9198
16636
9156
15180
11222
5570
3851
340
-826
6589
5505
-24
8655
13057
-4441
-7741
-3591
10962
10256
8551
8812
-5127
-2793
-10343
-14383
-9871
-12801
-11893
-10600
-3330
300
3050
-1371
-16488
-8939
-4166
-2444
2851
-3810
-13151
958
-14705
-19118
-17057
-10256
5427
8894
15841
1095
-473
17313
5073
3446
-4215
939
-9879
-7619
6489
8463
3064
5901
13610
7278
7907
16659
20214
14632
1220
1946
14562
16449
13828
24894
30222
24955
18780
9540
18407
2510
8543
31211
34758
13116
-738
5977
27069
21469
17200
17874
18513
13801
24250
14261
7382
6396
15128
22746
17724
9195
7868
8352
13533
12112
5537
7814
4231
-2219
4723
4888
-7632
-6025
-7144
2100
-2521
-8383
4689
-746
-9350
-12320
-1399
-6339
-17064
-17329
-17608
3220
207
4914
8914
-11894
-23286
-18502
-7245
-7705
-4436
-20584
-11530
-5257
-4750
-5020
6384
1770
-3648
-8894
-6639
1220
-3988
-14420
-4156
1567
3194
-5373
-3482
-3884
6688
4475
-2689
12641
20042
8189
10007
3812
-1768
-90
3725
7673
3515
12109
16796
18478
27585
22106
15272
25850
20639
9249
20901
29743
31690
22886
10303
12922
14939
20612
24553
26099
21486
19598
24391
22839
11155
7974
9106
15755
31575
25596
9891
13301
20560
18715
22499
9555
-2980
-1955
1131
5442
13289
17114
1999
-10138
-8789
-8757
-4341
-7160
-5713
-6340
2510
-9300
5554
-3066
-13497
-16627
-13920
-14011
-11752
-3511
-6126
-3015
-11331
-20466
-24848
-11313
-11065
-11810
-6190
2258
-2175
-9699
8514
-5264
-11848
-9142
-8120
-2923
3094
9338
12451
5397
7105
2309
-8845
-6709
2929
3883
4835
6063
17048
20305
20795
12927
17793
14644
8378
9665
15328
31272
23524
8942
23577
13606
10654
7928
19534
8399
16731
21038
21510
16725
23719
26432
18273
3870
15407
11964
19638
16115
15194
24788
11378
14536
11700
2980
4674
271
-9015
-7031
-12739
-10948
-5232
-7424
-10404
-13317
-5927
1341
-4690
6330
248
-11175
-10147
-3150
-2634
5799
-10124
-15547
-10082
-9834
-10200
458
-3188
340
-9755
-14783
-10786
-14149
-23830
-19681
-6481
-8813
-12268
-5155
772
-17692
-17106
-11838
-6444
-6282
-2101
-16607
-3271
-1622
-10993
-5651
18586
18728
7117
-4980
-3160
11477
6992
14533
-2100
-124
15566
10968
5735
5595
17703
13434
20265
10692
22397
6413
13880
4327
11325
15260
28875
20018
7336
29905
19668
18027
15821
9094
20897
27965
21205
10295
5363
8073
5245
14576
14831
10398
580
3331
-464
7821
11590
10408
1319
-7106
1549
3000
-1453
-519
3660
-5886
-8375
-14906
-14626
-10492
-21821
-14660
-12972
-9480
-3648
-5989
-4905
-5156
-6602
-9068
-2687
-14187
-15293
-12987
-20190
-17395
-6118
-14183
-21694
-18920
-10965
-17209
-15172
-10772
-13096
-9175
-12547
920
7681
2001
-7698
-2432
-4337
-3037
-2075
3835
195
6314
812
15354
15603
8197
20347
17018
18398
8192
26364
25461
24846
18450
8370
15767
22717
19419
16915
20561
29169
26731
28843
27636
31618
17416
29252
32596
25902
17191
12136
21038
14343
22754
25007
22131
29966
17653
27391
14264
5543
17537
8692
15745
11879
15424
22924
6686
-444
-2278
-14204
-8189
-7232
7014
14876
1566
-2618
884
-10655
5354
-15688
-20848
-10647
-7546
-14748
-13965
-12025
-17175
-6179
461
-9003
-13070
-17873
-12863
-9546
-6869
-8385
-12939
-12381
-10160
-3251
10610
-10121
-9626
-3975
-9455
4585
5167
4216
7884
2280
-6144
4964
5505
7578
19050
20304
7760
5475
10873
15331
15841
14298
21092
34624
15924
21850
31687
17330
6771
14614
17188
19125
28592
41609
28591
19498
18747
26118
19386
3687
7814
10280
1185
16236
21745
9965
5175
6157
7026
4839
-1227
-22
11253
-3119
8581
8374
-2573
-323
6305
-209
10160
2759
5376
9655
-463
-11601
-11143
-8337
-7765
-6080
-801
-18189
-22954
-9957
-16802
-18643
-17552
-20535
-19049
-12777
-14117
-3887
-10790
-8615
-8521
-9948
-11692
-1256
-19835
-24175
-27735
-24390
-14506
-12543
-618
144
-15502
-20997
-12227
-7815
-15388
-15589
1096
-5937
-3038
-1437
10915
15108
7036
12429
14356
15516
33729
26300
17476
25153
14029
1894
5862
20098
9741
-3003
5126
6943
13462
16728
16696
28223
33462
17813
25287
27523
18428
17113
5961
1249
4764
4871
7558
14519
9613
8511
14937
15783
5521
6677
18686
17188
17740
14098
14254
4409
-1065
1113
-712
-11619
-11120
-2965
-5729
-11201
-8671
-10862
-5288
-5822
-11491
-5590
-18260
-19296
-17608
-20106
-13266
-26609
-21932
-18737
-8733
-15040
-21816
-19485
-19782
-19078
-27042
-25178
-7229
-25057
-10325
6637
6417
-12236
-22528
-11957
-7129
-5780
3776
12039
11945
-2333
-2367
10761
10730
5393
9286
3056
10819
11702
10968
24127
6319
5473
5905
14923
15401
20135
21221
15841
17655
18155
12392
22968
35996
15948
17772
21776
28849
18465
18300
13604
19886
20693
19478
22992
17354
22823
26624
17394
17144
9066
18238
14391
18503
17739
20021
7863
7930
17265
8095
13835
15307
14396
11577
2352
2271
-7155
1847
-9475
-12566
7390
-3501
-22660
-16953
-18312
-19670
-12106
-20659
-23288
-26033
-13637
-14496
-23583
-16938
-16364
-17958
-9733
760
-6228
-12575
-8120
11730
-1260
-4459
3619
796
63
-867
-3901
-506
-7073
-293
-7102
6248
13251
4499
-1444
-8444
-35
3729
2093
19817
25878
12868
7620
14959
14155
16994
13615
25092
10744
15673
18006
10432
10094
-1095
20761
29928
21914
19067
24285
28475
27258
23596
11141
5330
9959
25765
23436
14711
6670
18240
22568
14362
11856
13919
11330
4958
2512
9403
21434
8628
-579
7417
-2883
5467
2278
7635
2134
-1261
-530
444
-2574
-3830
-95
-5250
-6635
-10952
-17472
-17687
-17718
-18691
-24192
-8916
-15059
-19059
79
-8701
-22959
-23900
-17322
-6350
-14585
-12724
-29694
-19693
-7863
-8386
-11831
-3534
-272
-9166
-702
-8065
1289
2324
3222
-10905
-9340
-2598
-2758
5044
10113
10465
7887
-315
-2308
-4722
9530
4258
-3299
12038
-99
10814
22183
10200
13907
18140
15247
30461
17721
8177
13296
12611
16044
12741
25804
20471
12740
14251
7846
13637
16454
30870
26939
27069
20319
18339
8940
13253
6960
3640
1194
2060
1847
2823
6
9685
10882
4098
2844
4386
-4743
-4615
12855
16830
11106
8916
-6550
-12215
-6543
-7839
-18405
-10426
4775
-18658
-21092
-6160
-10825
-10342
3084
-9755
-2910
874
-4163
-11968
-2384
-10840
-10123
1973
-4065
-9110
-13336
-4431
-5092
-6307
4992
1157
-4616
-8719
-16611
-3455
-1061
1099
8762
10959
4734
-7509
-585
6727
15109
17379
16250
8188
20721
11707
9418
17123
14614
14716
14541
24280
21648
15373
21102
19195
13614
15416
17646
-1435
-729
19323
8916
14020
14300
21561
21138
14808
20252
12993
14424
18689
14645
9547
1396
7383
4516
3644
3737
6732
-6866
927
-3555
-1070
5947
2371
6289
-13073
-14279
-7014
-1040
-6140
-3886
-11320
-20230
-25735
-18907
-4870
-2935
-9422
-6684
-11468
-11462
-19820
-8699
-5866
-1294
1388
2
-12288
-10803
-21574
-24611
-9668
-1415
-2940
-23063
-16724
-17094
-8522
-5480
-11068
-3637
-17570
1740
6600
1290
11947
-7908
-6610
-2580
1318
784
6804
13066
5752
6849
3875
-5705
2050
12937
10121
10403
16007
15705
12307
14889
11727
10703
6385
6422
14629
23206
18309
22211
22357
22632
26713
17511
8677
14035
8667
16970
11228
9995
15561
7565
1369
8960
3670
4749
7639
-220
-13176
-14976
152
9897
11908
6124
-1876
-4129
10312
7799
11876
743
-1515
-4160
-5644
-719
5907
-5657
-4000
-2390
-19169
-13295
-15474
-8131
-17855
-12540
-17288
-10596
-17157
-27490
-21124
-10865
-10645
-15034
-16447
-5731
72
1728
-13711
-6396
-9645
-3404
-8900
-9490
-1795
-3337
-5034
14178
6213
1823
12840
4753
-1078
6154
6004
2420
3362
13558
27680
4055
15038
17606
21192
16185
16630
10275
15402
16183
18081
5456
9753
13769
19076
11719
18405
15840
20234
33485
25911
20185
13195
9741
16590
11418
14512
10710
4019
4378
7345
13427
13880
20004
23534
8271
4479
5874
10942
4873
5598
317
-5635
601
9666
-3
-1692
-3527
-9336
1003
6703
-1748
61
2054
-5204
-8074
-3559
-3654
-15765
-15257
-8536
-20578
-13024
-8704
-12946
-2420
-1077
-10990
-4851
-746
-3130
-4923
-6245
-4264
-13906
-16630
-23209
-17044
-9309
-6953
-15180
3769
8002
-1494
-4998
12433
8551
5135
4892
-438
10242
8373
13868
21085
3469
11641
21632
18905
10334
17186
23610
6919
17260
26643
26007
21131
18845
11589
14843
12817
11929
17132
23920
14192
13001
11018
7534
15284
29958
16086
4653
8951
11547
8093
4548
623
1894
106
-515
6710
6390
-4467
6356
4555
-5377
3448
1037
-10714
-7565
348
-7783
-1955
-5674
-8107
-18058
-100
10765
-4842
-2567
-6975
-13279
-7907
-3730
1817
5587
-6328
-10172
-9903
-11416
-1587
-3425
-2971
-9812
-5086
-7504
-14704
-9579
-9774
-8795
-5100
5303
-6004
-14360
-8433
-12363
2348
934
2959
15473
13982
7309
15237
12584
7843
13188
16425
22504
9710
-123
9073
10617
13008
8200
8342
6346
7791
10671
14967
10223
10837
7566
11655
24112
11449
10309
11253
21186
17167
18736
7140
14374
17459
9040
7041
9485
-1844
6141
3665
2441
4331
14039
9139
10575
14499
10493
18844
374
-1941
-9451
-14797
-11018
2810
-6534
-15414
212
926
8246
3559
-6674
-4177
-671
-10451
-4144
-18795
-11270
-2845
-6159
-6889
-12328
-8748
-7268
-10672
2384
-11128
-16411
-4778
-3399
-6918
-14260
-7799
-15278
-11422
-4090
-8315
-7839
-11218
-7854
-8096
-6031
-5562
-11691
-21648
-13549
-11443
1212
-8073
2972
7168
18674
7458
10127
-136
4233
14204
16429
11798
2653
8219
2605
14892
19738
13244
9650
6376
20863
12877
12203
24383
16176
7463
7960
14086
10900
20661
28927
18367
15605
16121
8516
15869
14443
12796
7463
13303
7681
8140
12055
13585
4151
-1280
6105
1352
9568
16924
3823
-10262
-6799
489
9214
-2425
5574
5356
-14626
-944
-3594
5693
1567
-7123
-8738
-6643
-4158
-10657
-10746
-11181
-14536
-8363
-3616
5875
1576
-8773
-9510
-6647
7888
-3617
-1316
-10270
-6660
-6754
-9730
-14702
-3937
628
-2655
-11694
-7862
-2867
1672
15758
16125
12457
3838
8472
2906
10193
8962
21307
27288
10442
6903
5394
9556
6771
3827
8462
11189
5681
8383
18009
20099
11193
6342
5537
9620
13947
14593
18667
20593
2044
2994
2261
-5357
-3507
-2804
6759
-2807
-2880
-2662
-5778
8676
12803
7479
8573
5051
620
7818
3603
11736
-418
-8591
-4375
1054
6698
-80
-7472
-6839
-7373
-3162
-530
-12463
-9345
-10246
-16501
-14699
-6614
-3037
-10534
-6563
-10342
-4057
-8287
-260
5670
-6306
-18270
-5145
-13567
-11358
-17015
-6015
-13558
-7602
-9429
-10513
34
-12926
-16705
-648
-6992
428
-1131
1049
4182
9108
1271
-1675
-3530
1363
5805
-84
8109
7455
8794
4396
5072
3609
8334
316
6720
3804
7433
6689
14034
19221
10120
19186
8841
14524
8206
12380
1699
8147
11815
-3256
5394
21769
9530
17401
14601
11162
16392
11080
5802
-568
-660
12804
6881
-1423
-580
-1881
10576
7507
10298
625
10145
-1128
9646
-95
-18445
-6550
-7606
-9347
1991
-9453
-10244
-18102
-15360
-19971
-15452
-13778
-691
-6011
-5215
-9357
-7855
2841
-2979
-11317
-10455
-11650
4585
4143
9511
-1535
-6175
-8123
-4991
5203
-3343
-5639
-4726
-6618
4972
13999
-2444
-7032
2263
13470
9255
10366
15355
6298
12508
23165
10734
8907
11793
-2487
6046
11993
8729
14558
16657
29260
7092
4351
3704
10469
11160
8705
34
1856
2485
17182
14324
13348
12271
-977
1153
-3979
-11149
-14514
822
1159
4818
1731
-6968
119
-3989
-4961
-4677
-4472
555
-12155
-5049
-4035
-15201
-16073
-2444
1151
-7612
-9467
-23991
-4790
-8724
-11759
-17922
-20409
-14557
-3477
7040
-2346
-21572
-15068
-1389
169
-4555
-5327
-8014
-643
6739
-5791
3373
1632
-5722
1037
-10678
933
-9181
-17816
-9492
-9351
-1966
4294
-12050
-10149
-1736
-910
10750
7484
-1270
4012
10160
16877
15416
6268
4609
6439
1677
5236
12994
11091
10159
3976
-5258
-8868
6659
4297
4982
2278
3778
-4011
972
4272
8619
11565
7693
11743
8106
4452
3493
8191
1970
-322
-3937
2748
-3499
-11688
6360
2188
7915
10821
8726
-1936
-3468
-2691
-7622
-1022
-2122
5659
-17026
-27236
-7883
-8428
-9031
-18155
-1497
-6382
-24196
-22928
-7484
-8435
-15988
-18421
-21878
-10396
-8955
-6956
4737
-8987
-3169
-5116
-6699
-7936
-3680
-4615
-7898
15783
-168
-5650
1738
-4605
-6529
-19725
-12978
235
-8490
3439
-2234
-4428
-3192
-8261
-4960
2260
-1407
-3137
323
10476
-8924
537
3700
1634
-3002
-4183
5075
8152
-4596
14637
13581
-1996
8227
17856
3620
6039
41
4198
13251
8245
7386
4885
-3825
15922
6872
997
653
10823
12889
-1816
3543
5746
13558
7785
3541
10079
-4135
-10218
-9481
-15109
-8717
-8506
-15068
-6690
1775
2166
-14841
-21145
-5372
1655
-944
-3439
-4331
920
-713
1988
-815
-12910
-6159
-4025
-9077
-28269
-20241
247
-2231
-24248
-12006
-13577
-17397
-6109
2489
2151
2418
11176
6776
-3372
-8995
4276
8674
-3552
2677
1001
5138
8089
-10283
3995
-2056
3371
3911
9111
6608
645
130
3733
3413
-943
420
4295
7800
7053
1122
9664
18110
18511
-167
12165
22701
20558
15573
5177
6611
8007
2445
14138
12892
10339
6506
-10
4719
-952
-1136
-3139
4866
7310
5169
2432
3099
3231
2211
-8546
-6566
-13622
-9234
-8478
-4442
-3193
-7734
-11412
-9472
-14852
-22603
-15033
-12905
-6011
-8256
-10805
-1207
-12962
-3694
-7573
-3933
-2924
-17650
-22963
-25264
-18649
-13480
-9286
-17055
-19450
-6204
-17349
-18431
-16072
1670
-6675
-4490
-4136
2820
3613
-6600
-13634
-11636
-13969
-3659
-972
2194
-1396
-15886
-9592
7181
8025
-1143
2396
3285
-9356
11633
8537
5224
3762
8610
17092
10222
-109
9645
3808
-903
-2088
13695
7441
-2910
4710
5548
11120
4743
844
5621
10408
15751
14439
10890
6573
14999
22066
11077
9056
15069
-1018
-4699
-236
13290
3751
15042
16064
-1544
7180
-1912
4875
-4775
-1278
3848
-5057
-14954
-11738
-7903
-1835
8076
-3880
-3617
-5990
-8733
-5273
-10915
-3092
-4271
-11707
-10731
-7420
-6377
-7904
-7723
1052
3188
1567
-11621
-7047
-2207
-16775
-15477
-3258
1768
18640
5002
-5337
-11550
-3194
-4064
-4525
-7318
-820
-13543
-8899
-5938
1419
12400
7519
5077
-1258
-422
-1048
1266
-3837
1951
66
2655
-4592
12108
16998
10692
4521
3148
2806
-425
-1970
7286
12715
5499
9765
4998
-2859
-11665
-526
8927
18427
17578
6010
3688
6361
6772
4728
6319
3861
-1288
4370
2596
12571
8093
6446
6010
3242
-817
-13716
1453
6583
937
-4368
-4308
11211
8451
-1293
-1641
-7027
-2667
4458
-9802
-3709
-12878
-8177
4647
-7671
-11005
-16666
-8937
-3897
-2266
3426
3875
-13592
-15296
-7846
-3118
1168
-4689
-2455
6258
3893
-6744
-5668
-3307
-7160
1388
-5480
-7316
-2342
-11801
-4084
6102
3044
-1325
-932
-1326
3694
3640
2598
-4822
7715
8078
5467
2234
5904
-1325
12889
12623
6794
-1091
4937
6213
8481
4175
-1750
-5481
-7826
-2232
-10726
-6832
-7660
-7554
-3262
-6714
2564
-1946
1466
5027
5430
-247
-1481
4492
11765
-1343
-9322
1206
1116
-8335
-15044
-506
10256
1507
-8915
-5325
3166
2836
-2994
-1651
-694
480
-6655
-13542
-15670
-20737
-14071
-11992
-5741
-2564
-2099
-12190
-19005
-20202
-13448
-2277
-5138
2260
542
-3314
3751
8401
762
-2059
21
-10010
-9700
3081
-3684
1028
4667
10519
-2077
-2971
-14410
5286
9095
-3108
-10205
-6560
-1794
16188
18643
11666
8447
2652
5404
1624
-2006
12846
11713
8593
4251
4445
384
1123
313
-2071
7434
7445
13880
14419
11263
7345
3427
-1226
11672
9125
6842
-1597
-6774
6088
-744
5224
10154
11000
5399
1944
-2728
2062
8427
5914
5826
8357
4154
5852
-1066
-6620
-1683
-2644
-607
-6907
3795
-1556
-7297
-13506
-14518
-18936
-14316
-7277
-2975
1405
-11685
-4063
-7835
-11323
-7960
-1530
-1206
-7845
-8699
-691
2522
-2025
4912
9101
-2740
-9242
-9520
-14524
-12518
-12823
-672
4929
-9421
-16279
-4056
-2180
-1421
1947
3952
-4459
-11944
-6215
-5196
-4626
3313
77
-2124
3458
11647
8808
-525
12451
14746
62
3308
7504
4477
2291
-4834
-10025
1731
-7024
-5493
5426
5743
7157
18221
12390
2591
6218
4660
7670
8720
-4322
-8671
5785
12257
4351
703
4974
12500
2693
-2591
-5049
5435
-4610
-10789
-4321
-1840
-8386
-5196
-833
-5209
-4060
-6211
-13561
-9582
-3049
1526
1222
-553
-11764
-20054
-3356
-8253
-11915
-8798
1463
5775
7410
9894
-4209
5956
4992
-4892
-17001
-13050
3115
-89
9892
5179
684
-5253
-3882
-2181
-6646
-3480
-2257
-1810
1053
2726
2102
-4616
-5954
-4606
-2764
4399
-3927
942
-340
11617
16801
8136
-16616
-8256
12714
11257
19835
9510
8403
888
-1663
1388
6639
-720
-2667
-4450
662
3845
5581
-2602
-1013
365
1126
-3444
12278
16362
1839
-11204
-6741
-8235
-8903
4514
2687
8752
-6085
3110
-4249
-1297
4832
-5393
-6025
-7114
-2823
3965
5002
10327
1408
5741
4744
-9896
-15478
-2397
-10513
-18417
-1910
-345
-4718
-12813
-6943
5430
1148
-12782
-8861
-6416
-10948
-16513
318
-8324
-3182
8655
-6923
102
6808
-8544
2555
-687
-5900
-17982
-11825
-8979
-2962
-3852
-6647
768
-10636
-8570
-9095
8044
16747
10607
-12577
-13315
-14776
1098
-677
2542
491
1894
2706
12867
6569
4492
-8395
-7264
-10151
-1850
-860
2800
8045
9962
4098
-4002
9532
225
3339
-6816
399
11289
3273
-7295
2586
7192
5620
6925
14458
13899
3346
-997
1192
7377
3154
1510
-4261
-619
5067
12526
2892
-6906
-6383
-3831
2669
980
1603
-12250
545
5572
885
6024
-3725
-8964
-2439
-3117
-16332
-13293
-11927
-3375
6660
-1268
-5188
2854
-2348
-8730
-8428
4682
-8054
-14829
427
-9186
-7745
17
2771
795
-2859
-11609
-494
-734
-3556
2360
3567
-10979
-2752
667
2165
4831
4801
-3523
9689
5201
-1538
-3662
1674
-3
-7745
-4881
11614
9434
7669
10741
8815
8208
8566
2944
1223
4127
3875
4053
-3084
-7362
8230
-603
-137
4446
-655
3948
2441
-11396
-4691
-2692
-2758
-5691
10359
10084
12219
12630
16604
5898
14358
4299
-1327
11583
18022
-2204
1289
-3211
-427
125
-5133
-9096
1295
-247
7490
1105
-1561
-7924
-12613
1109
-652
1469
-7812
1496
5970
2234
-7190
-10645
4240
12810
2575
-2481
-248
7101
376
12234
1396
-10293
-4061
9196
7355
-672
-2349
-1787
13291
14668
-2988
4610
12692
8515
7021
6522
14693
20006
16943
13064
1439
14486
19274
18628
13296
13910
18576
13718
660
-6185
7069
-163
7259
-416
1102
11951
-1898
-4036
-1322
2616
5015
-6811
-13449
1647
-1055
4951
-2855
-4548
4735
11659
-7554
-12572
-13978
-8524
-278
-593
7816
7284
-1131
1796
1205
-10149
-7969
-4532
2179
-3370
-14464
-5439
-9397
-22094
-13564
-17990
-17632
-7339
2320
-8597
574
1457
-137
-13937
-3529
-4530
-684
-5884
6490
-2209
-2109
-1596
-17652
-10945
-10689
-15134
-7256
-5594
-10686
-6605
3514
1987
-6760
-3801
2636
1913
-1702
-7119
-3072
-4629
-6182
-2068
-2194
1322
-1987
650
6137
7087
-1240
-3883
-8602
-2033
15001
5486
-8988
-4410
-2089
